{
 "cells": [
  {
   "cell_type": "markdown",
   "metadata": {},
   "source": [
    "# Mixed NB (Gaussian+Multinomial)\n",
    "* gnb : 'avg_rating' 피쳐 한개만\n",
    "* mnb : alpha = 0.15(cv=5, 범위 0-1까지)\n",
    "    * 0.32(cv=3, 범위 0-1까지)\n",
    "    * 1.87(cv=3, 범위 0-10까지)"
   ]
  },
  {
   "cell_type": "code",
   "execution_count": 1,
   "metadata": {
    "collapsed": true
   },
   "outputs": [],
   "source": [
    "df = pd.read_csv('../resource/final_df1.csv')\n",
    "y = df['rating(y)'].values\n",
    "real_X = df[['avg_rating']].values\n",
    "cat_X = df.ix[:,'0':].values"
   ]
  },
  {
   "cell_type": "code",
   "execution_count": 2,
   "metadata": {
    "collapsed": true
   },
   "outputs": [],
   "source": [
    "from sklearn.naive_bayes import GaussianNB, MultinomialNB\n",
    "gnb = GaussianNB()\n",
    "mnb = MultinomialNB(alpha = 0.15)\n",
    "#mnb = MultinomialNB(alpha = 0.32)\n",
    "#mnb = MultinomialNB(alpha = 1.87)"
   ]
  },
  {
   "cell_type": "markdown",
   "metadata": {},
   "source": [
    "### Gaussian, Multinomial 모델 fitting"
   ]
  },
  {
   "cell_type": "code",
   "execution_count": 3,
   "metadata": {
    "collapsed": false
   },
   "outputs": [],
   "source": [
    "gnb.fit(real_X, y)\n",
    "gnb_pred = gnb.predict(real_X)\n",
    "gnb_prob = gnb.predict_proba(real_X)\n",
    "\n",
    "mnb.fit(cat_X, y)\n",
    "mnb_pred = mnb.predict(cat_X)\n",
    "mnb_prob = mnb.predict_proba(cat_X)"
   ]
  },
  {
   "cell_type": "markdown",
   "metadata": {},
   "source": [
    "### Mixed 모델의 조건부확률"
   ]
  },
  {
   "cell_type": "code",
   "execution_count": 4,
   "metadata": {
    "collapsed": false
   },
   "outputs": [
    {
     "data": {
      "text/plain": [
       "(544L, 5L)"
      ]
     },
     "execution_count": 4,
     "metadata": {},
     "output_type": "execute_result"
    }
   ],
   "source": [
    "mix_prob = np.multiply(gnb_prob, mnb_prob)\n",
    "mix_prob.shape"
   ]
  },
  {
   "cell_type": "markdown",
   "metadata": {},
   "source": [
    "### Mixed 모델의 조건부확률 조정(softmax)"
   ]
  },
  {
   "cell_type": "code",
   "execution_count": 5,
   "metadata": {
    "collapsed": false
   },
   "outputs": [],
   "source": [
    "def softmax(w, t=1.0):\n",
    "    \"\"\"Calculate the softmax of a list of numbers w.\n",
    "\n",
    "    Parameters\n",
    "    ----------\n",
    "    w : list of numbers\n",
    "    t : float\n",
    "\n",
    "    Return\n",
    "    ------\n",
    "    a list of the same length as w of non-negative numbers\n",
    "\n",
    "    Examples\n",
    "    --------\n",
    "    >>> softmax([0.1, 0.2])\n",
    "    array([ 0.47502081,  0.52497919])\n",
    "    >>> softmax([-0.1, 0.2])\n",
    "    array([ 0.42555748,  0.57444252])\n",
    "    >>> softmax([0.9, -10])\n",
    "    array([  9.99981542e-01,   1.84578933e-05])\n",
    "    >>> softmax([0, 10])\n",
    "    array([  4.53978687e-05,   9.99954602e-01])\n",
    "    \"\"\"\n",
    "    e = np.exp(np.array(w) / t)\n",
    "    dist = e / np.sum(e)\n",
    "    return dist"
   ]
  },
  {
   "cell_type": "code",
   "execution_count": 6,
   "metadata": {
    "collapsed": false
   },
   "outputs": [
    {
     "name": "stdout",
     "output_type": "stream",
     "text": [
      "[ 0.18908658  0.18921673  0.21981379  0.20976562  0.19211729]\n",
      "[ 0.19016094  0.24788545  0.18920208  0.18651647  0.18623506]\n",
      "[ 0.1816712   0.18188007  0.18295687  0.2715965   0.18189536]\n",
      "[ 0.19749695  0.2356166   0.18948584  0.18870766  0.18869295]\n",
      "[ 0.1811507   0.18231431  0.27207366  0.18356907  0.18089226]\n",
      "[ 0.20137119  0.21121786  0.1959288   0.19574128  0.19574087]\n",
      "[ 0.19187951  0.21340272  0.20795711  0.19490129  0.19185937]\n",
      "[ 0.18730041  0.18757414  0.2396283   0.1976722   0.18782495]\n",
      "[ 0.19266275  0.20953057  0.20776665  0.19724948  0.19279055]\n",
      "[ 0.18813793  0.1914513   0.19662699  0.23558286  0.18820091]\n",
      "[ 0.18387494  0.18422638  0.18811288  0.25864521  0.18514059]\n",
      "[ 0.18073175  0.18186514  0.27521147  0.18195601  0.18023563]\n",
      "[ 0.18938957  0.18968037  0.23494206  0.19496457  0.19102343]\n",
      "[ 0.18478206  0.18561857  0.24534898  0.19891501  0.18533538]\n",
      "[ 0.1848754   0.18691655  0.26151499  0.18379327  0.18289979]\n",
      "[ 0.18192339  0.1826422   0.26970414  0.18381842  0.18191185]\n",
      "[ 0.18415929  0.18454002  0.1900747   0.25598472  0.18524127]\n",
      "[ 0.18352468  0.18403915  0.18617316  0.26196335  0.18429967]\n",
      "[ 0.1827804   0.1836569   0.26780929  0.18329319  0.18246023]\n",
      "[ 0.18791386  0.18810504  0.24197989  0.19312534  0.18887586]\n",
      "[ 0.18106335  0.18196728  0.27476001  0.18184602  0.18036334]\n",
      "[ 0.18779785  0.18769704  0.1936556   0.24294533  0.18790417]\n",
      "[ 0.19042714  0.19158153  0.23474913  0.19241034  0.19083187]\n",
      "[ 0.1942874   0.20925652  0.20120952  0.20071009  0.19453648]\n",
      "[ 0.36733288  0.15825029  0.1581421   0.15813737  0.15813736]\n",
      "[ 0.18306576  0.18440454  0.26251287  0.18692042  0.18309641]\n",
      "[ 0.18822946  0.18850979  0.24143522  0.19219045  0.18963509]\n",
      "[ 0.18513216  0.18540291  0.25368253  0.19040806  0.18537434]\n",
      "[ 0.18759475  0.18962784  0.19096417  0.24428261  0.18753064]\n",
      "[ 0.18806227  0.18822798  0.24329047  0.19159593  0.18882335]\n",
      "[ 0.19095872  0.19122829  0.23186711  0.19429655  0.19164934]\n",
      "[ 0.18366825  0.18424953  0.1864889   0.26124645  0.18434687]\n",
      "[ 0.18932592  0.19022284  0.19286703  0.23831421  0.18927001]\n",
      "[ 0.18588893  0.18659489  0.19048427  0.25087498  0.18615694]\n",
      "[ 0.19096081  0.19188136  0.19428663  0.23197484  0.19089635]\n",
      "[ 0.18323409  0.1835345   0.18624852  0.26237699  0.1846059 ]\n",
      "[ 0.18343177  0.18369632  0.18901553  0.25864485  0.18521154]\n",
      "[ 0.18413842  0.18473754  0.25774803  0.18922212  0.18415388]\n",
      "[ 0.18615936  0.18686452  0.2489999   0.1907448   0.18723141]\n",
      "[ 0.18627106  0.18701351  0.18947581  0.25072602  0.18651359]\n",
      "[ 0.18139028  0.18150214  0.18242295  0.27248284  0.18220179]\n",
      "[ 0.19462351  0.19589581  0.19774989  0.20471758  0.20701321]\n",
      "[ 0.18884127  0.18906256  0.23547894  0.19525294  0.19136428]\n",
      "[ 0.18480982  0.18519793  0.1941787   0.24877603  0.18703752]\n",
      "[ 0.18919288  0.18954296  0.19556942  0.2058639   0.21983084]\n",
      "[ 0.18297177  0.18317239  0.18652173  0.2627957   0.18453841]\n",
      "[ 0.18877326  0.18912599  0.23829486  0.19424326  0.18956262]\n",
      "[ 0.1835522   0.18393344  0.18695896  0.2609253   0.1846301 ]\n",
      "[ 0.18309969  0.18338863  0.18629691  0.26322317  0.1839916 ]\n",
      "[ 0.18405795  0.18428182  0.19195343  0.25372581  0.18598099]\n",
      "[ 0.18195102  0.18208909  0.18530554  0.26701194  0.18364242]\n",
      "[ 0.18118127  0.18127475  0.18555582  0.26943179  0.18255637]\n",
      "[ 0.18300963  0.18326118  0.18620388  0.26213025  0.18539505]\n",
      "[ 0.18375042  0.18394936  0.1900123   0.25523403  0.18705389]\n",
      "[ 0.18469677  0.18503312  0.19166473  0.25030772  0.18829767]\n",
      "[ 0.18315705  0.18332421  0.18545826  0.26121585  0.18684462]\n",
      "[ 0.19842153  0.22465046  0.19336759  0.19178705  0.19177337]\n",
      "[ 0.18479139  0.18560292  0.18760589  0.2568982   0.1851016 ]\n",
      "[ 0.18726448  0.18768821  0.24443185  0.19306792  0.18754754]\n",
      "[ 0.18839314  0.24044768  0.19621446  0.18775392  0.18719079]\n",
      "[ 0.18452462  0.18493934  0.18860316  0.25633827  0.1855946 ]\n",
      "[ 0.184925    0.18556401  0.25215601  0.1916712   0.18568378]\n",
      "[ 0.19463225  0.20636124  0.20147423  0.20146137  0.19607091]\n",
      "[ 0.31167634  0.17322932  0.17210488  0.17149643  0.17149302]\n",
      "[ 0.22919092  0.19712646  0.19315068  0.1904034   0.19012854]\n",
      "[ 0.18962909  0.2332361   0.19692588  0.19115722  0.1890517 ]\n",
      "[ 0.19132878  0.2306112   0.19642134  0.19134212  0.19029657]\n",
      "[ 0.19579039  0.2026084   0.19837931  0.2041042   0.19911771]\n",
      "[ 0.2347087   0.19278318  0.19326297  0.18977057  0.18947457]\n",
      "[ 0.19049958  0.24249956  0.1919183   0.18758316  0.1874994 ]\n",
      "[ 0.18528378  0.1853302   0.25692887  0.18800236  0.18445479]\n",
      "[ 0.19523325  0.1956064   0.19708024  0.19720078  0.21487932]\n",
      "[ 0.18117095  0.18382086  0.27098835  0.1830131   0.18100675]\n",
      "[ 0.18089969  0.18241398  0.2739823   0.18222967  0.18047436]\n",
      "[ 0.19122685  0.24135803  0.19386118  0.18683093  0.18672301]\n",
      "[ 0.18985547  0.19078438  0.19332312  0.23636625  0.18967078]\n",
      "[ 0.18690055  0.18730528  0.2469067   0.19117223  0.18771525]\n",
      "[ 0.18998192  0.23771509  0.19331347  0.1903993   0.18859022]\n",
      "[ 0.18311154  0.18458663  0.26743475  0.1828364   0.18203068]\n",
      "[ 0.1951159   0.19558813  0.19746192  0.19762514  0.2142089 ]\n",
      "[ 0.18942776  0.19016817  0.19578574  0.23525158  0.18936675]\n",
      "[ 0.18050428  0.1825917   0.27571341  0.18110418  0.18008643]\n",
      "[ 0.18716169  0.18946582  0.2527908   0.18557687  0.18500481]\n",
      "[ 0.19131382  0.24202108  0.1927841   0.18709403  0.18678697]\n",
      "[ 0.18260559  0.18351258  0.26647139  0.18480415  0.18260629]\n",
      "[ 0.20602201  0.20152471  0.20073858  0.19743494  0.19427975]\n",
      "[ 0.18365082  0.18499398  0.25431224  0.19325228  0.18379068]\n",
      "[ 0.18054085  0.18185913  0.27567895  0.18177325  0.18014782]\n",
      "[ 0.19063538  0.2419702   0.19342365  0.18703399  0.18693678]\n",
      "[ 0.19692267  0.19469342  0.22595601  0.19125781  0.19117008]\n",
      "[ 0.30016168  0.17636584  0.17490916  0.17428615  0.17427717]\n",
      "[ 0.31770542  0.1718108   0.17046139  0.17001215  0.17001023]\n",
      "[ 0.19361101  0.2107176   0.19849139  0.20348372  0.19369628]\n",
      "[ 0.19486665  0.22896297  0.19287613  0.19165077  0.19164348]\n",
      "[ 0.32428507  0.16963413  0.16896694  0.16855765  0.16855621]\n",
      "[ 0.197078    0.23982137  0.18989441  0.18669076  0.18651546]\n",
      "[ 0.34854377  0.16321689  0.16278092  0.16272924  0.16272918]\n",
      "[ 0.1937175   0.20664554  0.20383361  0.20107886  0.19472449]\n",
      "[ 0.19212963  0.22335105  0.20017295  0.19361293  0.19073344]\n",
      "[ 0.18111282  0.18229651  0.2731398   0.18262619  0.18082469]\n",
      "[ 0.18461237  0.18535089  0.18975848  0.25433866  0.18593959]\n",
      "[ 0.18360874  0.1847957   0.26633449  0.18318055  0.18208052]\n",
      "[ 0.18211609  0.18226931  0.18300139  0.27011849  0.18249472]\n",
      "[ 0.20261791  0.19492581  0.21537357  0.19480979  0.19227292]\n",
      "[ 0.1816358   0.18179467  0.18323933  0.2712741   0.1820561 ]\n",
      "[ 0.18482645  0.18528453  0.25603165  0.18834912  0.18550826]\n",
      "[ 0.18736647  0.18781115  0.19168796  0.24590691  0.18722751]\n",
      "[ 0.18062856  0.18118303  0.27515116  0.18252514  0.1805121 ]\n",
      "[ 0.19160601  0.19537423  0.19739319  0.22426569  0.19136088]\n",
      "[ 0.18900316  0.24928605  0.18883968  0.18658262  0.18628849]\n",
      "[ 0.18480259  0.18578146  0.18808953  0.25592643  0.18539998]\n",
      "[ 0.1813554   0.18206914  0.27463529  0.18142256  0.18051762]\n",
      "[ 0.18641207  0.18717393  0.19115422  0.24867121  0.18658857]\n",
      "[ 0.17940447  0.18011527  0.27957629  0.18165451  0.17924947]\n",
      "[ 0.24423616  0.19059806  0.1904213   0.187461    0.18728348]\n",
      "[ 0.18981407  0.24055886  0.19114964  0.18989072  0.18858671]\n",
      "[ 0.19346413  0.22263052  0.19647211  0.19468614  0.19274709]\n",
      "[ 0.1930036   0.2084185   0.20593659  0.19931964  0.19332166]\n",
      "[ 0.20059813  0.19590815  0.2080843   0.20048553  0.19492389]\n",
      "[ 0.18147978  0.18242095  0.26957907  0.18508897  0.18143124]\n",
      "[ 0.18380163  0.18546037  0.25797571  0.18901898  0.18374331]\n",
      "[ 0.18672437  0.18719898  0.24655287  0.19152705  0.18799673]\n",
      "[ 0.18704102  0.18547025  0.25913933  0.1847016   0.18364779]\n",
      "[ 0.1837199   0.18413563  0.18728225  0.26017885  0.18468337]\n",
      "[ 0.1922652   0.21255514  0.20334144  0.19960178  0.19223644]\n",
      "[ 0.18749386  0.18834209  0.19415161  0.24251116  0.18750127]\n",
      "[ 0.18262665  0.18554502  0.26509827  0.18459419  0.18213586]\n",
      "[ 0.18533995  0.18592391  0.25261981  0.18988202  0.1862343 ]\n",
      "[ 0.18477862  0.18527615  0.19688372  0.24772491  0.18533659]\n",
      "[ 0.185939    0.18654264  0.25114061  0.18971072  0.18666704]\n",
      "[ 0.18549918  0.18576112  0.2187409   0.22415952  0.18583927]\n",
      "[ 0.1905052   0.19098139  0.22871827  0.1980133   0.19178184]\n",
      "[ 0.20056332  0.19827197  0.20288395  0.20251099  0.19576978]\n",
      "[ 0.19613353  0.20515263  0.19933076  0.202463    0.19692008]\n",
      "[ 0.19534041  0.20848019  0.19918203  0.20124584  0.19575153]\n",
      "[ 0.18287952  0.18310377  0.18715067  0.26312726  0.18373877]\n",
      "[ 0.18182667  0.1820036   0.18344126  0.26901391  0.18371456]\n",
      "[ 0.20196985  0.1928343   0.22711302  0.18920909  0.18887373]\n",
      "[ 0.20951166  0.19745197  0.2028905   0.19626834  0.19387753]\n",
      "[ 0.19423158  0.21006     0.20064328  0.20035546  0.19470969]\n",
      "[ 0.19208021  0.21274905  0.20589172  0.19758159  0.19169743]\n",
      "[ 0.18367927  0.18595587  0.25841544  0.1881419   0.1838075 ]\n",
      "[ 0.19053428  0.2331002   0.19656108  0.19058629  0.18921815]\n",
      "[ 0.18703662  0.18761525  0.20285704  0.23552933  0.18696177]\n",
      "[ 0.1893732   0.24102625  0.19208298  0.18917426  0.1883433 ]\n",
      "[ 0.19013025  0.1905375   0.19505675  0.2020328   0.2222427 ]\n",
      "[ 0.18578481  0.18603632  0.19705039  0.24359894  0.18752954]\n",
      "[ 0.19342133  0.19419345  0.19987446  0.19993337  0.2125774 ]\n",
      "[ 0.18958028  0.18984555  0.24752717  0.18669934  0.18634766]\n",
      "[ 0.19379064  0.1947904   0.2001362   0.21801185  0.19327091]\n",
      "[ 0.18598322  0.18726285  0.25808963  0.18465988  0.18400443]\n",
      "[ 0.18935931  0.18957051  0.19361709  0.19921675  0.22823633]\n",
      "[ 0.1854977   0.18828322  0.25177787  0.18878165  0.18565956]\n",
      "[ 0.18267658  0.18691516  0.2637412   0.18453739  0.18212967]\n",
      "[ 0.18327344  0.1840599   0.26177702  0.18742846  0.18346118]\n",
      "[ 0.18405761  0.18530369  0.25784106  0.18852346  0.18427419]\n",
      "[ 0.18688827  0.18775567  0.25443876  0.18615225  0.18476505]\n",
      "[ 0.18056529  0.18162503  0.27466967  0.18276335  0.18037666]\n",
      "[ 0.18781293  0.18882597  0.19463737  0.24080535  0.18791838]\n",
      "[ 0.19130649  0.22283059  0.20164346  0.19371013  0.19050933]\n",
      "[ 0.18919817  0.18956621  0.24572164  0.18783315  0.18768084]\n",
      "[ 0.18178802  0.18265219  0.26895349  0.18474926  0.18185704]\n",
      "[ 0.1834679   0.18390275  0.18809264  0.26037288  0.18416383]\n",
      "[ 0.18564422  0.19055312  0.25368297  0.18553836  0.18458133]\n",
      "[ 0.19024445  0.23945518  0.19379045  0.18868511  0.18782481]\n",
      "[ 0.1915319   0.22997341  0.19498441  0.19253322  0.19097706]\n",
      "[ 0.1865925   0.18744524  0.2569304   0.18481515  0.1842167 ]\n",
      "[ 0.19140094  0.19158961  0.19376899  0.19326901  0.22997145]\n",
      "[ 0.19535066  0.1965233   0.20193921  0.20009986  0.20608697]\n",
      "[ 0.18599809  0.18677114  0.18991387  0.2509712   0.1863457 ]\n",
      "[ 0.19469183  0.20954922  0.20300193  0.19757654  0.19518048]\n",
      "[ 0.198917    0.20183006  0.20474148  0.19762155  0.1968899 ]\n",
      "[ 0.18625068  0.18715458  0.18827544  0.25144291  0.18687639]\n",
      "[ 0.18454378  0.18510843  0.25696151  0.18842045  0.18496582]\n",
      "[ 0.26318411  0.18633705  0.18588701  0.18231661  0.18227522]\n",
      "[ 0.18762775  0.19125674  0.24241236  0.19075716  0.18794598]\n",
      "[ 0.18732432  0.18839401  0.24074127  0.19415378  0.18938662]\n",
      "[ 0.1851996   0.18579868  0.25108941  0.19169772  0.1862146 ]\n",
      "[ 0.18888366  0.2465005   0.18946666  0.18797102  0.18717817]\n",
      "[ 0.19027282  0.19043514  0.22870784  0.19774014  0.19284404]\n",
      "[ 0.18095469  0.1821115   0.27363311  0.1827127   0.180588  ]\n",
      "[ 0.18077517  0.18129233  0.27528519  0.18204656  0.18060077]\n",
      "[ 0.18553964  0.18616804  0.19162952  0.25071773  0.18594507]\n",
      "[ 0.19105984  0.23230703  0.19489319  0.19166131  0.19007862]\n",
      "[ 0.19095841  0.1925189   0.21423347  0.21157836  0.19071086]\n",
      "[ 0.21961539  0.19747475  0.20172436  0.19099257  0.19019293]\n",
      "[ 0.18912962  0.24215848  0.19171762  0.1892428   0.18775148]\n",
      "[ 0.1912669   0.23817332  0.19465247  0.18800729  0.18790002]\n",
      "[ 0.18344264  0.18391687  0.18598335  0.26238005  0.18427709]\n",
      "[ 0.19576237  0.20175677  0.19757101  0.20498065  0.1999292 ]\n",
      "[ 0.18321826  0.18364491  0.26443358  0.18516872  0.18353453]\n",
      "[ 0.19498109  0.2072881   0.20059485  0.20121447  0.19592149]\n",
      "[ 0.18609725  0.18759829  0.25613316  0.18540535  0.18476595]\n",
      "[ 0.19045233  0.19279346  0.19625049  0.23024598  0.19025774]\n",
      "[ 0.18418958  0.18479449  0.25649935  0.19055911  0.18395747]\n",
      "[ 0.18652447  0.18721479  0.25790917  0.18469725  0.18365433]\n",
      "[ 0.18209298  0.18306406  0.26866996  0.18421071  0.1819623 ]\n",
      "[ 0.19200431  0.22861265  0.194091    0.19393147  0.19136057]\n",
      "[ 0.18616916  0.18741498  0.18794504  0.2522356   0.18623522]\n",
      "[ 0.18413518  0.18471409  0.2535078   0.19321975  0.18442318]\n",
      "[ 0.18534353  0.18572661  0.25451546  0.18859481  0.18581959]\n",
      "[ 0.18968749  0.1898492   0.19090426  0.19188868  0.23767037]\n",
      "[ 0.2027268   0.1995886   0.19989817  0.20139391  0.19639253]\n",
      "[ 0.18267635  0.18356255  0.26443105  0.18667005  0.18266001]\n",
      "[ 0.1838617   0.1842333   0.18641055  0.26089364  0.18460081]\n",
      "[ 0.19383083  0.19950707  0.20266071  0.21097353  0.19302786]\n",
      "[ 0.19383545  0.20793564  0.20257835  0.2014083   0.19424226]\n",
      "[ 0.19353353  0.213541    0.20047415  0.19882207  0.19362924]\n",
      "[ 0.21271411  0.19883622  0.19796057  0.19613287  0.19435623]\n",
      "[ 0.18685303  0.18777484  0.21889175  0.21986797  0.18661241]\n",
      "[ 0.18322451  0.18607727  0.26284082  0.18513202  0.18272539]\n",
      "[ 0.18739158  0.1876658   0.24616775  0.19088424  0.18789063]\n",
      "[ 0.18490597  0.18584477  0.18849178  0.25558921  0.18516828]\n",
      "[ 0.18229626  0.18300531  0.26327424  0.18923762  0.18218658]\n",
      "[ 0.18514976  0.18602433  0.25598171  0.1872068   0.18563739]\n",
      "[ 0.35482402  0.16129505  0.16129365  0.16129364  0.16129364]\n",
      "[ 0.18270109  0.18512214  0.2679084   0.18233066  0.18193771]\n",
      "[ 0.18911237  0.23539388  0.19824701  0.18904069  0.18820605]\n",
      "[ 0.19037531  0.19012442  0.2385204   0.19302926  0.1879506 ]\n",
      "[ 0.18229004  0.18363516  0.26855565  0.18394043  0.18157872]\n",
      "[ 0.18945359  0.23780755  0.19391627  0.19038717  0.18843542]\n",
      "[ 0.18737814  0.25272658  0.18842902  0.18582755  0.18563872]\n",
      "[ 0.19201899  0.22051443  0.20213275  0.19360482  0.19172902]\n",
      "[ 0.18217536  0.18317848  0.26653485  0.1861581   0.18195321]\n",
      "[ 0.18269427  0.18442264  0.2679818   0.18304358  0.1818577 ]\n",
      "[ 0.1835453   0.18432628  0.26058477  0.18790749  0.18363615]\n",
      "[ 0.18445381  0.18538778  0.25882995  0.18653938  0.18478907]\n",
      "[ 0.19796404  0.19889961  0.20122239  0.19984712  0.20206685]\n",
      "[ 0.18355131  0.1846272   0.26118069  0.18681745  0.18382335]\n",
      "[ 0.19127228  0.2289691   0.19588697  0.19295186  0.19091978]\n",
      "[ 0.18139311  0.18242321  0.27214217  0.18265393  0.18138758]\n",
      "[ 0.18506894  0.18593765  0.25624772  0.18724895  0.18549675]\n",
      "[ 0.18887384  0.18983269  0.20297944  0.22967235  0.18864168]\n",
      "[ 0.19479316  0.22754137  0.19381262  0.19193503  0.19191782]\n",
      "[ 0.18763863  0.1880687   0.2430605   0.19296692  0.18826525]\n",
      "[ 0.18346757  0.18425656  0.26355743  0.18504333  0.18367512]\n",
      "[ 0.19105166  0.19219228  0.19603488  0.22998228  0.1907389 ]\n",
      "[ 0.19308733  0.21959986  0.1978116   0.19647559  0.19302563]\n",
      "[ 0.18409388  0.18566673  0.264509    0.18321832  0.18251207]\n",
      "[ 0.19576484  0.19199687  0.23527     0.18856243  0.18840586]\n",
      "[ 0.19466222  0.19539004  0.19867838  0.19838405  0.21288531]\n",
      "[ 0.18396035  0.18469825  0.26153641  0.18558436  0.18422063]\n",
      "[ 0.1838838   0.18448659  0.18766782  0.25890942  0.18505237]\n",
      "[ 0.36811379  0.15804258  0.15795028  0.15794668  0.15794668]\n",
      "[ 0.18275935  0.18300037  0.18437074  0.2666301   0.18323944]\n",
      "[ 0.32963835  0.16787882  0.16754417  0.16746955  0.16746912]\n",
      "[ 0.35342859  0.16176961  0.16160725  0.16159729  0.16159726]\n",
      "[ 0.18580351  0.18609969  0.18699422  0.2552649   0.18583769]\n",
      "[ 0.19226963  0.19358296  0.19584432  0.22657148  0.1917316 ]\n",
      "[ 0.18175134  0.18186603  0.18297369  0.27115229  0.18225664]\n",
      "[ 0.1905153   0.19067454  0.19369531  0.19428741  0.23082745]\n",
      "[ 0.1863915   0.18815819  0.25014079  0.18839942  0.18691009]\n",
      "[ 0.18922255  0.19048302  0.24262402  0.18971589  0.18795451]\n",
      "[ 0.19101785  0.19139526  0.19879407  0.19505859  0.22373424]\n",
      "[ 0.19233805  0.21179848  0.20770352  0.19569938  0.19246057]\n",
      "[ 0.19102949  0.2268964   0.19544748  0.19613454  0.19049208]\n",
      "[ 0.18164434  0.18302411  0.2690908   0.18491304  0.18132771]\n",
      "[ 0.19109888  0.19203565  0.20173693  0.19980209  0.21532646]\n",
      "[ 0.18265944  0.18269321  0.18302484  0.26892325  0.18269926]\n",
      "[ 0.18622393  0.18736442  0.19802234  0.24063643  0.18775287]\n",
      "[ 0.20620432  0.19911058  0.19829629  0.19819502  0.19819379]\n",
      "[ 0.19722414  0.1974229   0.21856796  0.19341991  0.19336508]\n",
      "[ 0.20487868  0.19922604  0.19987947  0.1980081   0.19800771]\n",
      "[ 0.205721    0.19865947  0.20576675  0.19638981  0.19346297]\n",
      "[ 0.19133097  0.19640092  0.19892396  0.22244186  0.19090229]\n",
      "[ 0.19040422  0.19096788  0.24468773  0.18718065  0.18675952]\n",
      "[ 0.18427353  0.18492527  0.19123728  0.25516014  0.18440379]\n",
      "[ 0.1833471   0.18481712  0.26233597  0.18582679  0.18367303]\n",
      "[ 0.18504541  0.18647025  0.25218408  0.19099404  0.18530622]\n",
      "[ 0.18810734  0.18880731  0.24151012  0.1915084   0.19006684]\n",
      "[ 0.18148856  0.18203671  0.2715974   0.18383169  0.18104564]\n",
      "[ 0.1836944   0.18436395  0.25565895  0.19245158  0.18383113]\n",
      "[ 0.19492606  0.23494572  0.19043772  0.18984995  0.18984056]\n",
      "[ 0.22857892  0.19515085  0.19336535  0.19158491  0.19131996]\n",
      "[ 0.18072865  0.18116454  0.27609577  0.18181993  0.18019112]\n",
      "[ 0.1924589   0.19290306  0.2061388   0.20624577  0.20225346]\n",
      "[ 0.18138765  0.18285539  0.2691329   0.18546671  0.18115735]\n",
      "[ 0.19035435  0.1904603   0.23043042  0.19629205  0.19246288]\n",
      "[ 0.18659827  0.18712603  0.24596224  0.19173882  0.18857464]\n",
      "[ 0.18920989  0.23892462  0.1932771   0.18993891  0.18864948]\n",
      "[ 0.23422686  0.19171035  0.19549801  0.18940648  0.18915829]\n",
      "[ 0.18464064  0.1849233   0.18973187  0.25520499  0.1854992 ]\n",
      "[ 0.18658089  0.18693709  0.24668534  0.19271961  0.18707707]\n",
      "[ 0.1853298   0.18591194  0.25304087  0.18963747  0.18607992]\n",
      "[ 0.18035871  0.18107313  0.27501946  0.18340424  0.18014446]\n",
      "[ 0.18466342  0.18522475  0.18880335  0.25608431  0.18522416]\n",
      "[ 0.18278007  0.18304108  0.18432283  0.26671798  0.18313804]\n",
      "[ 0.19291961  0.19430671  0.19822058  0.22214167  0.19241143]\n",
      "[ 0.31471683  0.17244477  0.17126774  0.17078707  0.17078359]\n",
      "[ 0.18179366  0.18300603  0.26738667  0.1862053   0.18160834]\n",
      "[ 0.23451065  0.1930331   0.19572036  0.18848035  0.18825553]\n",
      "[ 0.32285487  0.17008188  0.16917015  0.16894677  0.16894633]\n",
      "[ 0.29269657  0.17832957  0.17698992  0.17599915  0.1759848 ]\n",
      "[ 0.18987006  0.19037457  0.19337469  0.23679545  0.18958522]\n",
      "[ 0.19446418  0.19633294  0.22364511  0.19282386  0.19273391]\n",
      "[ 0.18518494  0.18564762  0.20162717  0.24199936  0.18554091]\n",
      "[ 0.21319704  0.19646069  0.19966823  0.19533833  0.19533571]\n",
      "[ 0.32631621  0.16899461  0.16853621  0.16807694  0.16807604]\n",
      "[ 0.31657557  0.17212532  0.17074972  0.17027576  0.17027364]\n",
      "[ 0.26594883  0.18429069  0.18597519  0.18189464  0.18189066]\n",
      "[ 0.18070528  0.18170355  0.27339385  0.18366683  0.1805305 ]\n",
      "[ 0.19519668  0.19710512  0.20188559  0.21128674  0.19452586]\n",
      "[ 0.20109078  0.1982209   0.21221273  0.19424591  0.19422969]\n",
      "[ 0.192003    0.2413982   0.19158219  0.18753637  0.18748024]\n",
      "[ 0.1976825   0.2023656   0.20218556  0.20154729  0.19621905]\n",
      "[ 0.18493276  0.18411784  0.26265038  0.1847714   0.18352762]\n",
      "[ 0.18005822  0.18066224  0.2763263   0.18303077  0.17992247]\n",
      "[ 0.19088388  0.228248    0.19584423  0.19461446  0.19040943]\n",
      "[ 0.18355322  0.18394321  0.18619652  0.26136689  0.18494017]\n",
      "[ 0.18167263  0.18465564  0.26787954  0.18446225  0.18132995]\n",
      "[ 0.18494529  0.18554242  0.18920846  0.25487891  0.18542491]\n",
      "[ 0.18741754  0.1877324   0.24497565  0.19125036  0.18862406]\n",
      "[ 0.18481387  0.18546102  0.25657824  0.18785147  0.1852954 ]\n",
      "[ 0.18488523  0.18522116  0.25675621  0.18766579  0.18547162]\n",
      "[ 0.18309899  0.18392809  0.26335     0.18637707  0.18324585]\n",
      "[ 0.18597638  0.18638627  0.25235168  0.18862182  0.18666386]\n",
      "[ 0.19502401  0.2033676   0.19808546  0.20684101  0.19668192]\n",
      "[ 0.18665426  0.18722993  0.24908103  0.19004847  0.18698631]\n",
      "[ 0.18738694  0.18781064  0.24360574  0.19269641  0.18850027]\n",
      "[ 0.18259658  0.18326917  0.26407484  0.18727376  0.18278566]\n",
      "[ 0.18204178  0.18317245  0.26909903  0.18401874  0.181668  ]\n",
      "[ 0.18619514  0.18642555  0.25168592  0.18930913  0.18638426]\n",
      "[ 0.18237864  0.1825877   0.18480173  0.26713446  0.18309746]\n",
      "[ 0.18261606  0.1838382   0.26470509  0.18618506  0.18265559]\n",
      "[ 0.19148504  0.19213892  0.19560203  0.19757224  0.22320178]\n",
      "[ 0.18675121  0.1872661   0.24746935  0.19059084  0.18792251]\n",
      "[ 0.18097699  0.18180216  0.2744046   0.18231625  0.18049999]\n",
      "[ 0.18075834  0.18148952  0.27313323  0.18386023  0.18075869]\n",
      "[ 0.19097674  0.19158307  0.19573847  0.19609928  0.22560243]\n",
      "[ 0.18405335  0.18501098  0.26494575  0.1834167   0.18257322]\n",
      "[ 0.19732013  0.19683823  0.20010594  0.21174718  0.19398853]\n",
      "[ 0.18463257  0.18522226  0.19000807  0.25523976  0.18489735]\n",
      "[ 0.19564558  0.19707076  0.20053051  0.21280752  0.19394563]\n",
      "[ 0.18064589  0.18112136  0.27233873  0.18537175  0.18052227]\n",
      "[ 0.18083107  0.18085773  0.18120807  0.27614085  0.18096228]\n",
      "[ 0.18754886  0.18811447  0.24293166  0.19236416  0.18904084]\n",
      "[ 0.18729645  0.18752631  0.24668687  0.190475    0.18801537]\n",
      "[ 0.18288196  0.18403238  0.26484312  0.18516993  0.1830726 ]\n",
      "[ 0.18510492  0.18611763  0.18802366  0.25393913  0.18681466]\n",
      "[ 0.18664988  0.18701993  0.24805544  0.19055128  0.18772347]\n",
      "[ 0.18848644  0.18883573  0.23884407  0.19394986  0.1898839 ]\n",
      "[ 0.18251905  0.18270525  0.18675747  0.26468623  0.18333199]\n",
      "[ 0.19019988  0.19077973  0.19239903  0.19769957  0.2289218 ]\n",
      "[ 0.18393837  0.18449352  0.18794558  0.25846873  0.1851538 ]\n",
      "[ 0.18482295  0.1857725   0.18665703  0.25722213  0.18552539]\n",
      "[ 0.18194276  0.18210139  0.18349931  0.26988261  0.18257392]\n",
      "[ 0.18201188  0.18220051  0.18410115  0.26874298  0.18294349]\n",
      "[ 0.18329014  0.1837002   0.18565455  0.26313802  0.1842171 ]\n",
      "[ 0.18352056  0.18397966  0.18499501  0.26188482  0.18561995]\n",
      "[ 0.18336428  0.1838028   0.18580734  0.26277451  0.18425108]\n",
      "[ 0.1822779   0.18243837  0.18383681  0.26772335  0.18372358]\n",
      "[ 0.1863572   0.18653888  0.21351179  0.22672071  0.18687142]\n",
      "[ 0.18967502  0.18995039  0.23369529  0.19484006  0.19183923]\n",
      "[ 0.18234296  0.18242454  0.18469783  0.26682577  0.18370891]\n",
      "[ 0.18857935  0.18892255  0.23844249  0.19405436  0.19000123]\n",
      "[ 0.18344564  0.18367234  0.18707754  0.26063042  0.18517406]\n",
      "[ 0.18376493  0.18402978  0.19002328  0.25707461  0.1851074 ]\n",
      "[ 0.19082915  0.19116834  0.19319807  0.19479593  0.23000851]\n",
      "[ 0.18301548  0.18334316  0.18425853  0.26359558  0.18578726]\n",
      "[ 0.18296361  0.18323442  0.18562437  0.26316656  0.18501104]\n",
      "[ 0.18978233  0.19016844  0.19127151  0.19736145  0.23141627]\n",
      "[ 0.18998759  0.19017369  0.19508131  0.19857728  0.22618013]\n",
      "[ 0.1895646   0.1897849   0.19115645  0.19273683  0.23675723]\n",
      "[ 0.18820381  0.18861358  0.21726241  0.21685356  0.18906665]\n",
      "[ 0.19040376  0.19058781  0.23361327  0.19341838  0.19197678]\n",
      "[ 0.19041635  0.19084949  0.19516692  0.19734132  0.22622592]\n",
      "[ 0.18120612  0.1813061   0.18247233  0.27296258  0.18205287]\n",
      "[ 0.1824391   0.18264866  0.18542839  0.26462755  0.1848563 ]\n",
      "[ 0.18294284  0.18324669  0.1868879   0.26203525  0.18488732]\n",
      "[ 0.18203199  0.18221286  0.18470335  0.26786427  0.18318753]\n",
      "[ 0.18244859  0.18280008  0.18418268  0.26735273  0.18321593]\n",
      "[ 0.19083996  0.19104898  0.23055525  0.19469328  0.19286253]\n",
      "[ 0.1898234   0.18996799  0.19189366  0.19172053  0.23659443]\n",
      "[ 0.1895307   0.18977895  0.19335093  0.19710918  0.23023024]\n",
      "[ 0.19064132  0.19077835  0.2273598   0.1989758   0.19224473]\n",
      "[ 0.18871076  0.18896555  0.19214609  0.20657899  0.22359861]\n",
      "[ 0.18255574  0.18454583  0.26378975  0.1867656   0.18234309]\n",
      "[ 0.18090687  0.18239769  0.27374044  0.18253672  0.18041827]\n",
      "[ 0.18248503  0.18376878  0.26534635  0.18638759  0.18201225]\n",
      "[ 0.18563282  0.18578862  0.25548113  0.18728629  0.18581114]\n",
      "[ 0.18362806  0.18398231  0.18583403  0.26244433  0.18411127]\n",
      "[ 0.18435007  0.18499966  0.25218202  0.19379373  0.18467451]\n",
      "[ 0.18232953  0.18567646  0.26617148  0.18385438  0.18196815]\n",
      "[ 0.1820775   0.18225121  0.18372117  0.26927697  0.18267316]\n",
      "[ 0.18732195  0.25176515  0.18883725  0.18616526  0.18591039]\n",
      "[ 0.19518394  0.2091667   0.19913432  0.20098252  0.19553253]\n",
      "[ 0.19107594  0.22323859  0.20016499  0.19481744  0.19070304]\n",
      "[ 0.20002313  0.19720964  0.20729437  0.19944678  0.19602607]\n",
      "[ 0.18376984  0.18444322  0.26286528  0.18510405  0.18381761]\n",
      "[ 0.18391553  0.18463025  0.25887821  0.18834143  0.18423459]\n",
      "[ 0.18702809  0.18903415  0.19398231  0.24290041  0.18705504]\n",
      "[ 0.18244533  0.18449383  0.26826883  0.18311094  0.18168107]\n",
      "[ 0.2279696   0.19562095  0.19557631  0.19058053  0.19025262]\n",
      "[ 0.19692268  0.19914987  0.20440049  0.2058688   0.19365816]\n",
      "[ 0.18473492  0.18644881  0.26068614  0.18436298  0.18376714]\n",
      "[ 0.18172484  0.18279619  0.27004021  0.18416022  0.18127854]\n",
      "[ 0.19012575  0.22124936  0.20787693  0.19106272  0.18968524]\n",
      "[ 0.19247591  0.24468179  0.18964187  0.18666258  0.18653785]\n",
      "[ 0.18239918  0.18411177  0.26899935  0.18288148  0.18160823]\n",
      "[ 0.19082374  0.24267884  0.19045996  0.18805289  0.18798458]\n",
      "[ 0.20499049  0.19709952  0.20882213  0.19524967  0.1938382 ]\n",
      "[ 0.18926145  0.1895337   0.2371775   0.19312526  0.19090209]\n",
      "[ 0.24946825  0.18863123  0.18852914  0.18673878  0.1866326 ]\n",
      "[ 0.19827742  0.19460043  0.21092552  0.20294669  0.19324994]\n",
      "[ 0.19307865  0.21871637  0.19855677  0.19691359  0.19273462]\n",
      "[ 0.20802224  0.20019602  0.20267957  0.19543125  0.19367092]\n",
      "[ 0.20093192  0.19831001  0.20215077  0.20119816  0.19740912]\n",
      "[ 0.18284227  0.18299396  0.26927861  0.18325141  0.18163375]\n",
      "[ 0.18212179  0.18219953  0.18288476  0.27046232  0.18233161]\n",
      "[ 0.18136998  0.18145892  0.18270092  0.27242026  0.18204993]\n",
      "[ 0.19143565  0.23687159  0.19226876  0.18995739  0.18946661]\n",
      "[ 0.22509794  0.1940883   0.19661676  0.19242691  0.19177009]\n",
      "[ 0.20607969  0.19834319  0.20120732  0.19823879  0.19613101]\n",
      "[ 0.21217771  0.19955415  0.19917175  0.19508957  0.19400682]\n",
      "[ 0.18911421  0.1992426   0.23064278  0.19161606  0.18938435]\n",
      "[ 0.18999822  0.23352518  0.20174339  0.18765634  0.18707687]\n",
      "[ 0.18458106  0.18496944  0.18787783  0.25606319  0.18650848]\n",
      "[ 0.19189244  0.19228894  0.19538127  0.19559207  0.22484528]\n",
      "[ 0.18876618  0.18885451  0.18959328  0.19277865  0.24000739]\n",
      "[ 0.181039    0.18116939  0.18481874  0.27114088  0.18183199]\n",
      "[ 0.27859679  0.18202424  0.18075761  0.17932614  0.17929522]\n",
      "[ 0.18706525  0.18741478  0.2468201   0.19118489  0.18751497]\n",
      "[ 0.19302409  0.21261401  0.20496253  0.19723145  0.19216791]\n",
      "[ 0.20675992  0.19554005  0.21095505  0.19399987  0.1927451 ]\n",
      "[ 0.18232196  0.18260261  0.18457549  0.26734464  0.1831553 ]\n",
      "[ 0.18397428  0.1845976   0.1859313   0.25997689  0.18551993]\n",
      "[ 0.18896371  0.18912704  0.19154032  0.20538748  0.22498146]\n",
      "[ 0.19579305  0.19788691  0.19727326  0.21542054  0.19362625]\n",
      "[ 0.18287163  0.18348591  0.26360005  0.1870633   0.1829791 ]\n",
      "[ 0.18383176  0.18412679  0.19043134  0.2565498   0.1850603 ]\n",
      "[ 0.18336809  0.18374887  0.18703981  0.26176654  0.1840767 ]\n",
      "[ 0.18748721  0.18835868  0.19247251  0.24417143  0.18751016]\n",
      "[ 0.18959871  0.19029753  0.24633428  0.18705422  0.18671526]\n",
      "[ 0.24102006  0.19354579  0.19185214  0.18688359  0.1866984 ]\n",
      "[ 0.19236422  0.22033124  0.19970164  0.19577226  0.19183062]\n",
      "[ 0.19191179  0.22676465  0.19675825  0.19331046  0.19125485]\n",
      "[ 0.20721547  0.19849585  0.20166084  0.19738133  0.1952465 ]\n",
      "[ 0.19602986  0.19419171  0.22842317  0.19073054  0.19062473]\n",
      "[ 0.18225551  0.1824789   0.18564736  0.26657766  0.18304056]\n",
      "[ 0.18391113  0.18468688  0.25983776  0.18719436  0.18436986]\n",
      "[ 0.18690567  0.1875337   0.24573747  0.19162472  0.18819844]\n",
      "[ 0.18783032  0.18898622  0.23569243  0.20017471  0.18731632]\n",
      "[ 0.19119197  0.19518117  0.19946485  0.22367092  0.19049109]\n",
      "[ 0.18071951  0.18073805  0.18098888  0.27673877  0.18081479]\n",
      "[ 0.18008872  0.18073789  0.27907586  0.18051716  0.17958037]\n",
      "[ 0.18393977  0.18430062  0.26075707  0.18675184  0.1842507 ]\n",
      "[ 0.18541364  0.18603646  0.25378606  0.18909769  0.18566615]\n",
      "[ 0.19293443  0.20536397  0.20422961  0.203503    0.193969  ]\n",
      "[ 0.18263821  0.18321371  0.2640396   0.18722973  0.18287875]\n",
      "[ 0.19174998  0.24452652  0.19017181  0.18682754  0.18672415]\n",
      "[ 0.19421154  0.21886098  0.19812681  0.19518299  0.19361768]\n",
      "[ 0.18711536  0.18872519  0.25205621  0.18624112  0.18586212]\n",
      "[ 0.1801478   0.18072889  0.27820443  0.18108308  0.17983579]\n",
      "[ 0.18867703  0.23857963  0.19828922  0.18745976  0.18699436]\n",
      "[ 0.18465845  0.18523351  0.23988994  0.20546094  0.18475716]\n",
      "[ 0.18263409  0.18408957  0.26890903  0.18286805  0.18149927]\n",
      "[ 0.19114216  0.19201574  0.2304113   0.19387484  0.19255596]\n",
      "[ 0.34605461  0.16351891  0.16347651  0.16347499  0.16347499]\n",
      "[ 0.34432826  0.16437764  0.16382023  0.163737    0.16373686]\n",
      "[ 0.18390891  0.18410031  0.18477823  0.25095345  0.1962591 ]\n",
      "[ 0.19384152  0.19681255  0.19839893  0.21811307  0.19283392]\n",
      "[ 0.18306655  0.18649711  0.26141255  0.1861132   0.18291058]\n",
      "[ 0.18722444  0.18806958  0.19215667  0.24526776  0.18728155]\n",
      "[ 0.1849708   0.18603715  0.24380262  0.20018504  0.18500439]\n",
      "[ 0.22729035  0.19725108  0.19432138  0.19075275  0.19038444]\n",
      "[ 0.26433173  0.185273    0.18459099  0.18293198  0.1828723 ]\n",
      "[ 0.28281335  0.18193801  0.17936214  0.1779508   0.17793569]\n",
      "[ 0.34620362  0.1639185   0.16336561  0.16325628  0.163256  ]\n",
      "[ 0.19330472  0.19514716  0.20181421  0.21759154  0.19214237]\n",
      "[ 0.18560748  0.18500359  0.25877955  0.18599365  0.18461573]\n",
      "[ 0.18579219  0.18660726  0.19113712  0.25059289  0.18587053]\n",
      "[ 0.1812904   0.18131476  0.18160052  0.27443331  0.18136101]\n",
      "[ 0.18163649  0.18540881  0.26867887  0.18312082  0.18115501]\n",
      "[ 0.18787032  0.19115728  0.24765233  0.18687076  0.18644931]\n",
      "[ 0.19169131  0.21496417  0.20891318  0.19306613  0.19136521]\n",
      "[ 0.23302866  0.19179043  0.19901256  0.18817612  0.18799223]\n",
      "[ 0.18509056  0.1857264   0.19521088  0.2477558   0.18621636]\n",
      "[ 0.19255922  0.19332959  0.19831353  0.21086389  0.20493376]\n",
      "[ 0.18189479  0.18199421  0.18306538  0.27088345  0.18216216]\n",
      "[ 0.1888033   0.18886141  0.1893405   0.19142843  0.24156636]\n",
      "[ 0.21797335  0.19874753  0.19734508  0.19331421  0.19261983]\n",
      "[ 0.26211829  0.18509917  0.18537928  0.18372273  0.18368053]\n",
      "[ 0.28678996  0.17953277  0.17885582  0.17741737  0.17740409]\n",
      "[ 0.18988903  0.19008433  0.19275491  0.19478558  0.23248615]\n",
      "[ 0.19187534  0.21635371  0.20254659  0.19742168  0.19180269]\n",
      "[ 0.19141962  0.1916035   0.19485415  0.19516395  0.22695878]\n",
      "[ 0.18367309  0.18696657  0.25839547  0.18728584  0.18367903]\n",
      "[ 0.18420172  0.18532974  0.2622657   0.18536271  0.18284013]\n",
      "[ 0.19380537  0.19233073  0.22595278  0.19648381  0.19142731]\n",
      "[ 0.19297299  0.19398683  0.20286095  0.20164542  0.20853381]\n",
      "[ 0.19041326  0.23757627  0.19447016  0.18928242  0.1882579 ]\n",
      "[ 0.26994257  0.18390568  0.18338891  0.18140489  0.18135795]\n",
      "[ 0.33625401  0.16649042  0.16588429  0.16568617  0.16568512]\n",
      "[ 0.28861063  0.17940724  0.17807243  0.17696388  0.17694582]\n",
      "[ 0.19004618  0.19077807  0.1936923   0.19829634  0.22718711]\n",
      "[ 0.1884318   0.18859564  0.18989396  0.19598121  0.23709739]\n",
      "[ 0.18503461  0.18614442  0.25657791  0.18712276  0.1851203 ]\n",
      "[ 0.18608359  0.18641039  0.25165938  0.18940477  0.18644187]\n",
      "[ 0.18700741  0.18739288  0.19929317  0.23954032  0.18676623]\n",
      "[ 0.18562019  0.18628113  0.18944772  0.25209123  0.18655973]\n",
      "[ 0.18478327  0.18571553  0.18838629  0.25498372  0.1861312 ]\n",
      "[ 0.18917787  0.18942212  0.19648269  0.19724099  0.22767634]\n",
      "[ 0.19449696  0.19620182  0.20612423  0.20301154  0.20016545]\n",
